  0.000000  -0.005396  -0.006230  -0.695189    0.009573    0.718686
  0.000000  -0.005372  -0.006297  -0.695301    0.009457    0.718579
  0.000000  -0.004900  -0.007463  -0.697834    0.007111    0.716148
  0.000000  -0.004536  -0.008177  -0.699769    0.005217    0.714273
  0.000000  -0.004243  -0.008603  -0.701386    0.003681    0.712696
  0.000000  -0.004021  -0.008957  -0.702821    0.002308    0.711287
  0.000000  -0.003432  -0.009695  -0.707092   -0.001815    0.707043
  0.000000  -0.002705  -0.010323  -0.714793   -0.008796    0.699206
  0.000000  -0.002340  -0.010584  -0.720293   -0.013869    0.693456
  0.000000  -0.001354  -0.010968  -0.749428   -0.040635    0.660766
  0.000000  -0.000422  -0.011037  -0.884624   -0.201535    0.420438
  0.000000  -0.000038  -0.011049  -0.187954   -0.451654   -0.872022
  0.000000   0.000463  -0.011063   0.518715   -0.136580   -0.843870
  0.000000   0.001313  -0.010861   0.620816   -0.066122   -0.781077
  0.000000   0.002115  -0.010498   0.645372   -0.047518   -0.762306
  0.000000   0.002629  -0.010109   0.654092   -0.040910   -0.755226
  0.000000   0.003225  -0.009578   0.661186   -0.035620   -0.749295
  0.000000   0.003980  -0.008613   0.667966   -0.030651   -0.743480
  0.000000   0.004034  -0.008526   0.668395   -0.030337   -0.743107
  0.000000   0.004086  -0.008434   0.668820   -0.030031   -0.742737
  0.000000   0.004690  -0.007386   0.673110   -0.026971   -0.738970
  0.000000   0.005145  -0.006303   0.676264   -0.024778   -0.736163
  0.000000   0.005219  -0.006131   0.676722   -0.024462   -0.735753
  0.000000   0.005296  -0.005923   0.677235   -0.024108   -0.735292
  0.000000   0.005650  -0.004819   0.679653   -0.022442   -0.733111
  0.000000   0.005762  -0.004387   0.680488   -0.021865   -0.732354
  0.000000   0.005961  -0.003480   0.681990   -0.020749   -0.730988
  0.000000   0.006095  -0.002675   0.683285   -0.019840   -0.729803
  0.000000   0.006180  -0.002045   0.684230   -0.019161   -0.728936
  0.000000   0.006274  -0.001012   0.685698   -0.018092   -0.727583
  0.000000   0.006297  -0.000594   0.686259   -0.017671   -0.727064
  0.000000   0.006317   0.000533   0.687635   -0.016543   -0.725790
  0.000000   0.006309   0.000960   0.688183   -0.016114   -0.725280
  0.000000   0.006247   0.002052   0.689495   -0.014992   -0.724058
  0.000000   0.006199   0.002542   0.690086   -0.014471   -0.723505
  0.000000   0.006075   0.003472   0.691243   -0.013434   -0.722419
  0.000000   0.005935   0.004255   0.692259   -0.012488   -0.721464
  0.000000   0.005797   0.004872   0.693092   -0.011686   -0.720677
  0.000000   0.005442   0.006059   0.694907   -0.009893   -0.718954
  0.000000   0.005410   0.006168   0.695083   -0.009715   -0.718786
  0.000000   0.005332   0.006397   0.695480   -0.009318   -0.718408
  0.000000   0.004911   0.007440   0.697368   -0.007212   -0.716600
  0.000000   0.004600   0.008065   0.698957   -0.005604   -0.715065
  0.000000   0.004253   0.008580   0.700780   -0.003809   -0.713290
  0.000000   0.003980   0.009011   0.702504   -0.002130   -0.711600
  0.000000   0.003450   0.009677   0.706546    0.001603   -0.707589
  0.000000   0.002664   0.010355   0.714798    0.009195   -0.699195
  0.000000   0.002366   0.010570   0.719382    0.013347   -0.694412
  0.000000   0.001313   0.010979   0.750367    0.042364   -0.659590
  0.000000   0.000470   0.011036   0.864548    0.174361   -0.471269
  0.000000  -0.000003   0.011047   0.015155    0.405595    0.913786
  0.000000  -0.000577   0.011054  -0.550495    0.118128    0.826345
  0.000000  -0.001354   0.010847  -0.624109    0.064668    0.778571
  0.000000  -0.002178   0.010458  -0.647921    0.046557    0.760201
  0.000000  -0.002670   0.010075  -0.655784    0.040457    0.753782
  0.000000  -0.003270   0.009529  -0.662465    0.035240    0.748182
  0.000000  -0.004021   0.008552  -0.668904    0.030386    0.742647
  0.000000  -0.004070   0.008471  -0.669287    0.030103    0.742314
  0.000000  -0.004117   0.008388  -0.669659    0.029830    0.741989
  0.000000  -0.004721   0.007328  -0.673767    0.026796    0.738378
  0.000000  -0.005155   0.006269  -0.676748    0.024690    0.735721
  0.000000  -0.005240   0.006067  -0.677272    0.024324    0.735251
  0.000000  -0.005337   0.005800  -0.677906    0.023878    0.734682
  0.000000  -0.005642   0.004739  -0.680130    0.022329    0.732672
  0.000000  -0.005770   0.004353  -0.680888    0.021791    0.731984
  0.000000  -0.005974   0.003411  -0.682608    0.020644    0.730414
  0.000000  -0.006100   0.002644  -0.683794    0.019780    0.729328
  0.000000  -0.006188   0.001974  -0.684759    0.019058    0.728442
  0.000000  -0.006275   0.000982  -0.686085    0.018035    0.727220
  0.000000  -0.006300   0.000520  -0.686676    0.017568    0.726673
  0.000000  -0.006317  -0.000561  -0.688058    0.016485    0.725390
  0.000000  -0.006306  -0.001037  -0.688615    0.016005    0.724872
  0.000000  -0.006244  -0.002080  -0.689826    0.014929    0.723743
  0.000000  -0.006190  -0.002624  -0.690447    0.014347    0.723162
  0.000000  -0.006070  -0.003499  -0.691473    0.013366    0.722201
  0.000000  -0.005917  -0.004342  -0.692464    0.012347    0.721269
  0.000000  -0.005790  -0.004897  -0.693188    0.011615    0.720585
  0.000000  -0.005421  -0.006147  -0.695056    0.009709    0.718813
  0.000000  -0.005407  -0.006195  -0.695133    0.009631    0.718740
