  0.000000  -0.005398  -0.001591   0.689562   -0.015156   -0.723987
  0.000000  -0.005372  -0.001880   0.689959   -0.014801   -0.723616
  0.000000  -0.005251  -0.003026   0.691519   -0.013338   -0.722154
  0.000000  -0.005226  -0.003180   0.691734   -0.013128   -0.721952
  0.000000  -0.005011  -0.004447   0.693621   -0.011304   -0.720171
  0.000000  -0.004910  -0.004882   0.694343   -0.010600   -0.719486
  0.000000  -0.004668  -0.005768   0.696158   -0.008995   -0.717753
  0.000000  -0.004268  -0.006813   0.698691   -0.006577   -0.715314
  0.000000  -0.004181  -0.007048   0.699322   -0.005972   -0.714703
  0.000000  -0.004021  -0.007423   0.700466   -0.004884   -0.713590
  0.000000  -0.003613  -0.008239   0.703577   -0.001914   -0.710539
  0.000000  -0.003085  -0.009056   0.708327    0.002608   -0.705802
  0.000000  -0.002830  -0.009348   0.711147    0.005185   -0.702947
  0.000000  -0.002705  -0.009508   0.712776    0.006674   -0.701283
  0.000000  -0.001863  -0.010309   0.728707    0.021238   -0.684421
  0.000000  -0.001354  -0.010610   0.747486    0.038594   -0.663084
  0.000000  -0.000371  -0.011008   0.903353    0.236175   -0.357947
  0.000000  -0.000038  -0.011005   0.188741    0.451839    0.871759
  0.000000   0.000215  -0.010920  -0.394883    0.213357    0.893506
  0.000000   0.001313  -0.010452  -0.623267    0.064443    0.779263
  0.000000   0.001655  -0.010233  -0.636415    0.054566    0.769329
  0.000000   0.002629  -0.009276  -0.656901    0.039026    0.752883
  0.000000  -0.005400  -0.001561   0.689517   -0.015193   -0.724029
  0.000000  -0.005398  -0.001591   0.689562   -0.015156   -0.723987
  0.000000  -0.005400  -0.001561   0.689517   -0.015193   -0.724029
  0.000000  -0.005432  -0.000091   0.687424   -0.016933   -0.725977
  0.000000  -0.005430   0.000017   0.687265   -0.017061   -0.726125
  0.000000  -0.005372   0.001245   0.685482   -0.018515   -0.727773
  0.000000  -0.005337   0.001685   0.684800   -0.019048   -0.728400
  0.000000  -0.005160   0.002941   0.682678   -0.020656   -0.730346
  0.000000  -0.005119   0.003169   0.682256   -0.020967   -0.730731
  0.000000  -0.004896   0.004349   0.679946   -0.022664   -0.732830
  0.000000  -0.004737   0.004950   0.678591   -0.023650   -0.734053
  0.000000  -0.004525   0.005654   0.676819   -0.024938   -0.735645
  0.000000  -0.004062   0.006859   0.672886   -0.027687   -0.739146
  0.000000  -0.004034   0.006931   0.672629   -0.027871   -0.739373
  0.000000  -0.004021   0.006961   0.672517   -0.027952   -0.739472
  0.000000  -0.003437   0.008105   0.667327   -0.031853   -0.744001
  0.000000  -0.002705   0.009181   0.659081   -0.038190   -0.751018
  0.000000  -0.002670   0.009227   0.658589   -0.038566   -0.751431
  0.000000  -0.001711   0.010189   0.639421   -0.053232   -0.766927
  0.000000  -0.001354   0.010425   0.626555   -0.062981   -0.776743
  0.000000  -0.000299   0.010893   0.454916   -0.177589   -0.872544
  0.000000  -0.000038   0.010992   0.104091   -0.358266   -0.927668
  0.000000   0.000414   0.011003  -0.883625   -0.204599    0.421061
  0.000000   0.001313   0.010630  -0.748429   -0.040310    0.661916
  0.000000   0.001854   0.010316  -0.728308   -0.021297    0.684844
  0.000000   0.002629   0.009586  -0.713297   -0.007505    0.700745
  0.000000   0.002840   0.009324  -0.710544   -0.004953    0.703558
  0.000000   0.003181   0.008925  -0.706924   -0.001625    0.707210
  0.000000   0.003608   0.008248  -0.703016    0.001951    0.711093
  0.000000   0.003980   0.007505  -0.700196    0.004676    0.713857
  0.000000   0.004187   0.007022  -0.698759    0.006086    0.715252
  0.000000   0.004348   0.006691  -0.697807    0.007019    0.716172
  0.000000   0.004664   0.005779  -0.695782    0.009024    0.718117
  0.000000   0.004932   0.004793  -0.694111    0.010785    0.719707
  0.000000   0.005017   0.004422  -0.693483    0.011381    0.720302
  0.000000   0.005245   0.003093  -0.691426    0.013290    0.722244
  0.000000   0.005254   0.003039  -0.691351    0.013362    0.722315
  0.000000   0.005296   0.002664  -0.690756    0.013850    0.722874
  0.000000   0.005395   0.001561  -0.689152    0.015227    0.724376
  0.000000   0.005399   0.001485  -0.689045    0.015318    0.724475
  0.000000   0.005427   0.000060  -0.687048    0.017005    0.726332
  0.000000   0.005425  -0.000090  -0.686829    0.017181    0.726535
  0.000000   0.005353  -0.001544  -0.684556    0.018908    0.728633
  0.000000   0.005351  -0.001567  -0.684519    0.018936    0.728668
  0.000000   0.005332  -0.001731  -0.684244    0.019138    0.728920
  0.000000   0.005151  -0.003012  -0.681994    0.020782    0.730981
  0.000000   0.005117  -0.003199  -0.681637    0.021038    0.731306
  0.000000   0.004879  -0.004415  -0.679172    0.022801    0.733543
  0.000000   0.004727  -0.004984  -0.677835    0.023742    0.734749
  0.000000   0.004504  -0.005718  -0.675909    0.025090    0.736476
  0.000000   0.004041  -0.006900  -0.672208    0.027844    0.739757
  0.000000   0.004005  -0.006991  -0.671879    0.028079    0.740046
  0.000000   0.003980  -0.007048  -0.671657    0.028239    0.740242
  0.000000   0.003403  -0.008162  -0.666249    0.032136    0.744954
  0.000000   0.002664  -0.009231  -0.657416    0.038639    0.752454
